2594 757 709 978
2768 797 852 969
2561 953 591 1218
2667 1045 650 1291
2758 995 753 1202
2820 892 858 1062
2672 737 791 929
2100 734 259 1107
2215 704 377 1036
2375 803 481 1103
2339 921 401 1252
2385 773 503 1065
2334 585 549 854
2241 333 598 576
2289 303 660 525
2056 557 308 902
2179 642 374 972
2062 666 257 1036
2801 811 880 973
2329 839 425 1158
2198 796 320 1152
2106 764 252 1141
2434 252 823 425
2086 243 506 506
2183 559 417 870
2340 500 598 751
2796 995 794 1187
2578 810 666 1045
2572 840 648 1081
2099 312 448 597
